0.2
0.209595959596
0.219191919192
0.228787878788
0.238383838384
0.24797979798
0.257575757576
0.267171717172
0.276767676768
0.286363636364
0.29595959596
0.305555555556
0.315151515152
0.324747474747
0.334343434343
0.343939393939
0.353535353535
0.363131313131
0.372727272727
0.382323232323
0.391919191919
0.401515151515
0.411111111111
0.420707070707
0.430303030303
0.439898989899
0.449494949495
0.459090909091
0.468686868687
0.478282828283
0.487878787879
0.497474747475
0.507070707071
0.516666666667
0.526262626263
0.535858585859
0.545454545455
0.555050505051
0.564646464646
0.574242424242
0.583838383838
0.593434343434
0.60303030303
0.612626262626
0.622222222222
0.631818181818
0.641414141414
0.65101010101
0.660606060606
0.670202020202
0.679797979798
0.689393939394
0.69898989899
0.708585858586
0.718181818182
0.727777777778
0.737373737374
0.74696969697
0.756565656566
0.766161616162
0.775757575758
0.785353535354
0.794949494949
0.804545454545
0.814141414141
0.823737373737
0.833333333333
0.842929292929
0.852525252525
0.862121212121
0.871717171717
0.881313131313
0.890909090909
0.900505050505
0.910101010101
0.919696969697
0.929292929293
0.938888888889
0.948484848485
0.958080808081
0.967676767677
0.977272727273
0.986868686869
0.996464646465
1.00606060606
1.01565656566
1.02525252525
1.03484848485
1.04444444444
1.05404040404
1.06363636364
1.07323232323
1.08282828283
1.09242424242
1.10202020202
1.11161616162
1.12121212121
1.13080808081
1.1404040404
1.15
