0.47
0.450204081633
0.430408163265
0.410612244898
0.390816326531
0.371020408163
0.351224489796
0.331428571429
0.311632653061
0.291836734694
0.272040816327
0.252244897959
0.232448979592
0.212653061224
0.192857142857
0.17306122449
0.153265306122
0.133469387755
0.113673469388
0.0938775510204
0.0740816326531
0.0542857142857
0.0344897959184
0.014693877551
-0.00510204081633
-0.0248979591837
-0.044693877551
-0.0644897959184
-0.0842857142857
-0.104081632653
-0.12387755102
-0.143673469388
-0.163469387755
-0.183265306122
-0.20306122449
-0.222857142857
-0.242653061224
-0.262448979592
-0.282244897959
-0.302040816327
-0.321836734694
-0.341632653061
-0.361428571429
-0.381224489796
-0.401020408163
-0.420816326531
-0.440612244898
-0.460408163265
-0.480204081633
-0.5
