0.47
0.460202020202
0.450404040404
0.440606060606
0.430808080808
0.42101010101
0.411212121212
0.401414141414
0.391616161616
0.381818181818
0.37202020202
0.362222222222
0.352424242424
0.342626262626
0.332828282828
0.32303030303
0.313232323232
0.303434343434
0.293636363636
0.283838383838
0.27404040404
0.264242424242
0.254444444444
0.244646464646
0.234848484848
0.225050505051
0.215252525253
0.205454545455
0.195656565657
0.185858585859
0.176060606061
0.166262626263
0.156464646465
0.146666666667
0.136868686869
0.127070707071
0.117272727273
0.107474747475
0.0976767676768
0.0878787878788
0.0780808080808
0.0682828282828
0.0584848484848
0.0486868686869
0.0388888888889
0.0290909090909
0.0192929292929
0.00949494949495
-0.000303030303031
-0.010101010101
-0.019898989899
-0.029696969697
-0.0394949494949
-0.0492929292929
-0.0590909090909
-0.0688888888889
-0.0786868686869
-0.0884848484848
-0.0982828282828
-0.108080808081
-0.117878787879
-0.127676767677
-0.137474747475
-0.147272727273
-0.157070707071
-0.166868686869
-0.176666666667
-0.186464646465
-0.196262626263
-0.206060606061
-0.215858585859
-0.225656565657
-0.235454545455
-0.245252525253
-0.255050505051
-0.264848484848
-0.274646464646
-0.284444444444
-0.294242424242
-0.30404040404
-0.313838383838
-0.323636363636
-0.333434343434
-0.343232323232
-0.35303030303
-0.362828282828
-0.372626262626
-0.382424242424
-0.392222222222
-0.40202020202
-0.411818181818
-0.421616161616
-0.431414141414
-0.441212121212
-0.45101010101
-0.460808080808
-0.470606060606
-0.480404040404
-0.490202020202
-0.5
